cohesion
1.0      3
1.5      5
2.0     71
2.5    147
3.0    225
3.5    198
4.0     96
4.5     31
5.0      6


syntax
1.0      1
1.5      8
2.0     69
2.5    163
3.0    259
3.5    179
4.0     82
4.5     16
5.0      5


vocabulary
1.5      4
2.0     28
2.5    101
3.0    293
3.5    215
4.0    113
4.5     19
5.0      9


phraseology
1.0      2
1.5      3
2.0     70
2.5    146
3.0    240
3.5    181
4.0    110
4.5     21
5.0      9


grammar
1.5      4
2.0    112
2.5    166
3.0    193
3.5    170
4.0     94
4.5     40
5.0      3


conventions
1.0      4
1.5      1
2.0     83
2.5    152
3.0    225
3.5    193
4.0     99
4.5     23
5.0      2

